parity 10;
0 2,38,25 1 26 "0"
1 21,48,8 1 40 "1"
2 21,9,18 1 0,41 "2"
3 1,20,0 1 13,26 "3"
4 9,12,14 0 51 "4"
5 22,45,47 1 33,8 "5"
6 50,30,35 1 22 "6"
7 28,7,27 1 23 "7"
8 9,4,9 1 50,33 "8"
9 43,34,22 1 14,20,35 "9"
10 0,34,28 0 14,2,28 "10"
11 9,6,9 0 42 "11"
12 31,16,29 0 20,7,16 "12"
13 29,39,41 0 50,39 "13"
14 50,45,43 0 23,2,24 "14"
15 50,43,12 0 7,1 "15"
16 45,39,47 1 29,42 "16"
17 35,4,35 1 23,11,14 "17"
18 38,47,19 0 33,30 "18"
19 2,27,8 0 30,8 "19"
20 32,26,35 1 10,19,15 "20"
21 24,2,29 0 41,4 "21"
22 8,36,52 1 51,5 "22"
23 11,13,44 0 41 "23"
24 41,13,40 0 33,37 "24"
25 44,10,29 1 21,35,4 "25"
26 46,15,8 0 41,14 "26"
27 4,11,37 0 25 "27"
28 9,49,13 0 30,17 "28"
29 36,29,34 1 7,27,8 "29"
30 44,36,14 1 23 "30"
31 26,48,6 1 23 "31"
32 51,3,38 0 42,48,23 "32"
33 32,3,41 1 47,37,34 "33"
34 27,43,16 0 24,4,33 "34"
35 6,18,5 0 3,20 "35"
36 43,2,27 1 43 "36"
37 41,14,28 1 8,40 "37"
38 27,52,48 1 6,3 "38"
39 6,1,31 1 24 "39"
40 14,12,41 1 42,33 "40"
41 0,6,38 1 24 "41"
42 8,50,17 0 33 "42"
43 21,21,34 0 47,51,45 "43"
44 4,24,47 1 48,3 "44"
45 47,47,42 0 27 "45"
46 5,52,15 1 5 "46"
47 26,28,40 0 21,47 "47"
48 48,41,34 1 41,8,28 "48"
49 33,26,40 0 22,51,27 "49"
50 42,37,9 0 17 "50"
51 25,23,17 1 48,4,39 "51"
