parity 10;
0 35,16 0 36 "0"
1 28,20 1 51,46 "1"
2 48,52 1 14 "2"
3 11,23 1 4,16,38 "3"
4 48,0 0 32,16,20 "4"
5 10,18 1 34,52 "5"
6 41,31 1 56,21,18 "6"
7 35,36 1 55,13,15 "7"
8 18,1 0 51,14 "8"
9 17,14 1 25,27,9 "9"
10 57,7 0 53,20,35 "10"
11 55,12 1 14 "11"
12 11,39 1 47 "12"
13 19,30 0 4,32 "13"
14 50,39 0 3 "14"
15 34,5 0 3,32,38 "15"
16 23,19 0 51,24,22 "16"
17 59,47 1 36 "17"
18 51,10 1 41 "18"
19 59,57 1 55,9,33 "19"
20 36,23 1 3,5 "20"
21 60,8 0 55,41 "21"
22 13,33 1 46,7 "22"
23 2,29 1 22,11 "23"
24 57,57 0 19,48,38 "24"
25 46,44 1 35 "25"
26 4,22 0 55,11 "26"
27 30,41 0 30 "27"
28 34,0 1 19,27 "28"
29 38,54 0 28 "29"
30 44,29 0 41,24 "30"
31 52,17 0 12,53,49 "31"
32 33,39 0 21,49,16 "32"
33 31,16 0 9,47 "33"
34 3,51 1 4 "34"
35 12,19 0 3,48 "35"
36 31,7 1 59,34 "36"
37 4,32 0 51,4,31 "37"
38 6,51 1 19,40,47 "38"
39 51,14 1 4,10 "39"
40 34,55 0 19,56 "40"
41 24,34 0 59,11,40 "41"
42 10,22 0 6,13 "42"
43 27,40 1 42,16 "43"
44 35,34 0 4,54,12 "44"
45 36,26 0 19,57 "45"
46 26,6 1 50,46 "46"
47 34,41 0 13 "47"
48 10,2 1 55,16 "48"
49 55,35 0 20 "49"
50 46,38 0 13 "50"
51 13,56 1 25 "51"
52 43,6 0 42 "52"
53 58,31 1 32,37,21 "53"
54 4,40 1 32,46 "54"
55 50,48 1 3,0 "55"
56 47,36 0 47,51 "56"
57 2,9 0 51 "57"
58 33,31 0 36 "58"
59 31,32 1 14,50 "59"
